#01	COM1:19200:MUX0:1	10	2010.09.27	04:12	TowarMax	LIN 9.10.2010	/home/maciek/quests/magazyn/call/command/TowarMax.in	/home/maciek/quests/magazyn/call/out
#
#Eco 6143 PLU II gen. ver. 01 (identyfikator odczytany z urzadzenia i pliku ECRTBUF.TXT)
$00001	CHLEB              	2	1	0	1	0	0000000000000	0	0
$00002	BUùKA              	2	1	0	1	0	0000000000000	0	0
$00003	MLEKO              	3	1	0	1	0	0000000000000	0	0
$00004	PRZETW.MLECZNE     	2	1	3	1	0	0000000000000	0	0
$00005	BUù.SùODKIE/P§CZKI 	2	1	0	1	0	0000000000000	0	0
$00006	ART.M§CZNE         	2	1	3	4	0	0000000000000	0	0
$00007	CUKIER             	2	1	0	1	0	0000000000000	0	0
$00008	BUùKA TARTA        	2	1	0	1	0	0000000000000	0	0
$00009	KASZA/PùATKI       	2	1	0	1	0	0000000000000	0	0
$00010	GROCH              	2	1	0	1	0	0000000000000	0	0
$00011	FASOLA             	3	1	0	1	0	0000000000000	0	0
$00012	PRZYPRAWA KUCHENNA 	2	1	0	1	0	0000000000000	0	0
$00013	ZUPA W PROSZKU     	2	1	0	1	0	0000000000000	0	0
$00014	WARZYWA KONSERWOWE 	2	1	0	1	0	0000000000000	0	0
$00015	KECZUP             	2	1	0	1	0	0000000000000	0	0
$00016	KONCENTRAT POMID.  	2	1	0	1	0	0000000000000	0	0
$00017	SOK                	2	1	0	1	0	0000000000000	0	0
$00018	NAP‡J              	1	1	0	1	0	0000000000000	0	0
$00019	SMALEC             	3	1	0	1	0	0000000000000	0	0
$00020	JAJA               	3	1	0	1	0	0000000000000	0	0
$00021	MUSZTARDA          	1	1	0	1	0	0000000000000	0	0
$00022	MAJONEZ            	2	1	0	1	0	0000000000000	0	0
$00023	SOS W SùOIKU       	2	1	0	1	0	0000000000000	0	0
$00024	OWOCE W PUSZCE     	2	1	0	1	0	0000000000000	0	0
$00025	DΩEM               	2	1	0	1	0	0000000000000	0	0
$00026	OLEJ               	2	1	0	1	0	0000000000000	0	0
$00027	MAKARON            	2	1	0	1	0	0000000000000	0	0
$00028	PRZETW.W PUSZCE    	2	1	0	1	0	0000000000000	0	0
$00029	KREM CZEKOLADOWY   	1	1	0	1	0	0000000000000	0	0
$00030	OCET               	1	1	0	1	0	0000000000000	0	0
$00031	HERBATA            	1	1	0	1	0	0000000000000	0	0
$00032	KAWA               	1	1	0	1	0	0000000000000	0	0
$00033	KAWA INKA          	2	1	0	1	0	0000000000000	0	0
$00034	KAWA ZBOΩOWA       	2	1	0	1	0	0000000000000	0	0
$00035	KAWA CAPPUCCINO    	2	1	0	1	0	0000000000000	0	0
$00036	W®DLINA            	2	1	3	4	0	0000000000000	0	0
$00037	MI®SO              	3	1	3	4	0	0000000000000	0	0
$00038	W®DLINA PACZKOWANA 	2	1	0	1	0	0000000000000	0	0
$00039	RYBA               	3	1	3	4	0	0000000000000	0	0
$00040	óLEDZIE            	3	1	3	4	0	0000000000000	0	0
$00041	SAùATKA            	2	1	0	1	0	0000000000000	0	0
$00042	FLAKI              	3	1	3	1	0	0000000000000	0	0
$00043	MROΩONKA           	2	1	0	1	0	0000000000000	0	0
$00044	PRZYPRAWA W PROSZ. 	1	1	0	1	0	0000000000000	0	0
$00045	PùATKI DO MLEKA    	2	1	0	1	0	0000000000000	0	0
$00046	OWOCE              	3	1	3	4	0	0000000000000	0	0
$00047	CYTRUSY            	2	1	3	4	0	0000000000000	0	0
$00048	WARZYWA            	3	1	3	4	0	0000000000000	0	0
$00049	WI‡RKI KOKOSOWE    	2	1	0	1	0	0000000000000	0	0
$00050	KAKAO              	1	1	0	1	0	0000000000000	0	0
$00051	RODZYNKI           	2	1	0	1	0	0000000000000	0	0
$00052	GALARETKA          	2	1	0	1	0	0000000000000	0	0
$00053	PROSZEK DO PIECZ.  	1	1	0	1	0	0000000000000	0	0
$00054	CUKIER WANILIOWY   	1	1	0	1	0	0000000000000	0	0
$00055	KWASEKS CYTRYNOWY  	1	1	0	1	0	0000000000000	0	0
$00056	S‡L                	1	1	0	2	0	0000000000000	0	0
$00057	CIASTO             	2	1	0	1	0	0000000000000	0	0
$00058	CIASTKA PACZKOWANE 	1	1	0	2	0	0000000000000	0	0
$00059	CIASTKA NA WAG® 22 	1	1	3	4	0	0000000000000	0	0
$00060	CIASTKA NA WAG® 7  	2	1	3	4	0	0000000000000	0	0
$00061	CUKIERKI NA WAG®   	1	1	3	4	0	0000000000000	0	0
$00062	SùODYCZE           	1	1	3	1	0	0000000000000	0	0
$00063	CHIPSY             	1	1	0	1	0	0000000000000	0	0
$00064	CHRUPKI            	2	1	0	1	0	0000000000000	0	0
$00065	KISIEL             	2	1	0	1	0	0000000000000	0	0
$00066	BUDY„              	2	1	0	1	0	0000000000000	0	0
$00067	NAP‡J HERBACIANY   	2	1	0	1	0	0000000000000	0	0
$00068	RYΩ                	2	1	3	1	0	0000000000000	0	0
$00069	DROΩDΩE            	1	1	0	1	0	0000000000000	0	0
$00070	KOSTKI ROSOùOWE    	2	1	0	1	0	0000000000000	0	0
$00071	ΩELATYNA           	2	1	0	1	0	0000000000000	0	0
$00072	DENATURAT          	1	1	0	1	0	0000000000000	0	0
$00073	ZAPAùKI/ZAPALNICZK 	1	1	0	1	0	0000000000000	0	0
$00074	WYROBY TYTONIOWE   	1	1	0	1	0	0000000000000	0	0
$00075	REKLAM‡WKA         	1	1	0	1	0	0000000000000	0	0
$00076	ALKOHOL            	1	1	0	1	0	0000000000000	0	0
$00077	GAZETA             	2	2	0	1	0	0000000000000	0	0
$00078	TABLETKI           	2	1	0	1	0	0000000000000	0	0
$00079	KREM               	1	2	0	1	0	0000000000000	0	0
$00080	KLEJ               	1	2	0	1	0	0000000000000	0	0
$00081	ΩYLETKI/MASZYNKI   	1	2	0	1	0	0000000000000	0	0
$00082	ART.HIGENICZNE     	2	2	0	1	0	0000000000000	0	0
$00083	PROSZEK DO PRANIA  	1	2	0	1	0	0000000000000	0	0
$00084	ART.CZYSZCZ§CE     	1	2	0	1	0	0000000000000	0	0
$00085	óRODKI CZYSZCZ§CE  	1	2	0	1	0	0000000000000	0	0
$00086	óRODKI MYJ§CE      	1	2	0	1	0	0000000000000	0	0
$00087	KOSTKA WC          	1	2	0	1	0	0000000000000	0	0
$00088	PAPIER TOALETOWY   	1	2	0	1	0	0000000000000	0	0
$00089	CHUSTECZKI HIG.    	1	2	0	1	0	0000000000000	0	0
$00090	ART.DO PERFUMOW.   	1	2	0	1	0	0000000000000	0	0
$00091	óRODKI DO WùOS‡W   	1	2	0	1	0	0000000000000	0	0
$00092	PASTA DO Z®B‡W     	1	2	0	1	0	0000000000000	0	0
$00093	R®CZNIKI PAPIEROWE 	1	2	0	1	0	0000000000000	0	0
$00094	óNIEΩKA            	2	1	0	1	0	0000000000000	0	0
$00095	CHRZAN             	2	1	0	1	0	0000000000000	0	0
$00096	MI‡D               	3	1	0	1	0	0000000000000	0	0
$00097	ZMYWMCZ DO PAZNOK. 	1	2	0	1	0	0000000000000	0	0
$00098	FOLIA ALUMINIOWA   	1	2	0	1	0	0000000000000	0	0
$00099	PAPIER óNIADANIOWY 	1	2	0	1	0	0000000000000	0	0
$00100	ODóWIERZACZ        	1	2	0	1	0	0000000000000	0	0
$00101	óCIERKA/G§BKA      	1	2	0	1	0	0000000000000	0	0
$00102	MAK                	3	1	0	1	0	0000000000000	0	0
$00103	ZNICZ              	1	2	0	1	0	0000000000000	0	0
$00104	LODY               	2	1	0	1	0	0000000000000	0	0
$00105	BAKALIE            	2	1	0	1	0	0000000000000	0	0
$00106	W®GIEL DRZEWNY     	1	2	0	1	0	0000000000000	0	0
$00107	PODPAùKA           	1	2	0	1	0	0000000000000	0	0
$00108	KUBEK              	1	2	0	1	0	0000000000000	0	0
$00109	èWIKùA             	2	1	0	1	0	0000000000000	0	0
$00110	MUCHOZOL           	1	2	0	1	0	0000000000000	0	0
$00111	TORBA              	1	2	0	1	0	0000000000000	0	0
$00112	PIECZYWO CHRUPKIE  	2	1	0	1	0	0000000000000	0	0
$00113	KARMA              	2	1	0	1	0	0000000000000	0	0
$00114	ART.DO CIASTA      	2	1	0	1	0	0000000000000	0	0
$00115	WORKI NA óMIECI    	1	2	0	1	0	0000000000000	0	0
$00116	GAZ                	1	2	0	1	0	0000000000000	0	0
$00117	RAJSTOPY           	1	2	0	1	0	0000000000000	0	0
$00118	BATERIE            	1	2	0	1	0	0000000000000	0	0
$00119	PREZERWATYWA       	2	2	0	1	0	0000000000000	0	0
$00120	R®KAWICZKI GUMOWE  	1	2	0	1	0	0000000000000	0	0
$00121	TRUCIZNA           	3	2	0	1	0	0000000000000	0	0
$00122	PUMEKS             	1	2	0	1	0	0000000000000	0	0
$00123	KAPUSTA KWASZONA   	2	1	3	4	0	0000000000000	0	0
$00124	OG‡RKI KISZONE     	2	1	3	4	0	0000000000000	0	0
$00125	SOS W PROSZKU      	2	1	0	1	0	0000000000000	0	0
$00126	SùONINA            	3	1	3	4	0	0000000000000	0	0
$00127	ORZECHY            	2	1	3	4	0	0000000000000	0	0
$00128	KARTY TELEFONICZNE 	1	2	0	1	0	0000000000000	0	0
$00129	óR.PRZECIW OWADOM  	3	2	0	1	0	0000000000000	0	0
$00130	PASTA DO BUT‡W     	1	2	0	1	0	0000000000000	0	0
$00131	TACKI DO GRILA     	1	2	0	1	0	0000000000000	0	0
$00132	KLAPKA NA MUCHY    	1	2	0	1	0	0000000000000	0	0
$00133	GUMA               	2	1	0	1	0	0000000000000	0	0
$00134	CHUSTECZKI NAWIL.  	1	2	0	1	0	0000000000000	0	0
$00135	POP CORN           	3	1	0	1	0	0000000000000	0	0
$00136	KREM DO TORTU      	2	1	0	1	0	0000000000000	0	0
$00137	ùAPKA NA MYSZY     	1	2	0	1	0	0000000000000	0	0
$00138	PAPIER DO PIECZ.   	1	2	3	1	0	0000000000000	0	0
$00139	PùYN DO K§PIELI    	1	2	0	1	0	0000000000000	0	0
$00140	SAùATKI óLEDZIOWE  	2	1	3	1	0	0000000000000	0	0
$00141	óLEDZIE SZT.       	3	1	0	1	0	0000000000000	0	0
$00142	SZCZOTECZKA        	1	2	0	1	0	0000000000000	0	0
$00143	GAZ DO ZAPALNICZEK 	1	2	0	1	0	0000000000000	0	0
$00144	MURZYNEK           	2	1	0	1	0	0000000000000	0	0
$00145	PRZET.W SùOIKU     	2	1	0	1	0	0000000000000	0	0
$00146	PATYCZKI DO USZU   	2	2	0	1	0	0000000000000	0	0
$00147	PALUSZKI           	1	1	0	1	0	0000000000000	0	0
$00148	ORZESZKI           	2	1	0	1	0	0000000000000	0	0
$00149	POLEWA             	1	1	0	1	0	0000000000000	0	0
$00150	óMIETANKA DO KAWY  	2	1	0	1	0	0000000000000	0	0
$00151	TùUSZCZE           	2	1	3	1	0	0000000000000	0	0
$00152	WARZYWA W FOLI     	2	1	0	1	0	0000000000000	0	0
$00153	KREW               	3	1	0	1	0	0000000000000	0	0
$00154	DùUGOPIS           	1	3	0	1	0	0000000000000	0	0
$00155	ZESZYT             	1	3	0	1	0	0000000000000	0	0
$00156	BLOK               	1	3	0	1	0	0000000000000	0	0
$00157	KRETKI/FLAMASTRY   	1	3	0	1	0	0000000000000	0	0
$00158	FARBY              	1	3	0	1	0	0000000000000	0	0
$00159	NOΩYCZKI           	1	3	0	1	0	0000000000000	0	0
$00160	SUSZ               	2	1	0	1	0	0000000000000	0	0
$00161	óWIECA             	1	2	0	1	0	0000000000000	0	0
$00162	CIASTECZKA         	2	1	0	1	0	0000000000000	0	0
$00163	CIASTO W PROSZKU   	2	1	0	1	0	0000000000000	0	0
$00164	ΩAR‡WKI            	1	2	0	1	0	0000000000000	0	0
$00165	R®KAW DO PIECZENIA 	1	2	0	1	0	0000000000000	0	0
$00166	ORZECHY WùOSKIE    	3	1	0	1	0	0000000000000	0	0
$00167	WORKI óNIADANIOWE  	1	2	0	1	0	0000000000000	0	0
$00168	NAPUJ W PROSZKU    	2	1	0	1	0	0000000000000	0	0
$00169	SPIRYTUS SALICYLOW 	2	2	0	1	0	0000000000000	0	0
$00170	WODA UTLENIONA     	1	2	0	1	0	0000000000000	0	0
$00171	SREBRO             	1	4	0	1	0	0000000000000	0	0
$00172	NAKLEJKI           	1	2	0	1	0	0000000000000	0	0
$00173	OZDOBA             	1	2	0	1	0	0000000000000	0	0
$00174	BARWNIK DO JAJ     	1	2	0	1	0	0000000000000	0	0
$00175	TOREBKI óNIA.      	1	2	0	1	0	0000000000000	0	0
$00176	óLIWKA KALI.       	2	1	0	1	0	0000000000000	0	0
$00177	PùYTA CD           	1	2	0	1	0	0000000000000	0	0
$00178	BARANEK CUKROWY    	2	1	0	1	0	0000000000000	0	0
$00179	NASIONA            	3	2	0	1	0	0000000000000	0	0
